eigenvalues of Q: [35.36730829 28.49399491 21.27150956 13.30080216  9.65143815  4.27453763
  3.17786343  1.18827619  0.26386865  0.51056104]

Q: [[11.10955176  1.09879131 -3.68266058  1.59261017  7.90521793  1.99896878
   3.34765871 -3.1796989  -0.08104134 -4.16618919]
 [ 1.09879131  6.48528481 -1.26364473 -0.92764032 -0.18281663  6.26553734
  -1.85747169 -2.92195232  4.44792224  0.26167163]
 [-3.68266058 -1.26364473  2.99261954 -0.99266142 -2.55564162 -1.35565043
  -2.07295764  3.63598576 -0.34515314  2.32976362]
 [ 1.59261017 -0.92764032 -0.99266142  8.95776807 -0.86002009  1.20621344
  -0.30487213 -3.24647564  3.3955979  -3.04042328]
 [ 7.90521793 -0.18281663 -2.55564162 -0.86002009 10.4348913  -2.66124622
   2.88984232  3.02744947 -4.23550777 -6.00548566]
 [ 1.99896878  6.26553734 -1.35565043  1.20621344 -2.66124622 16.35622943
  -3.2960612   3.64281004  5.31570167  3.93557595]
 [ 3.34765871 -1.85747169 -2.07295764 -0.30487213  2.88984232 -3.2960612
  13.06836657 -0.52329991 -0.81034708  0.66901453]
 [-3.1796989  -2.92195232  3.63598576 -3.24647564  3.02744947  3.64281004
  -0.52329991 28.92566639 -7.49244868  5.2639745 ]
 [-0.08104134  4.44792224 -0.34515314  3.3955979  -4.23550777  5.31570167
  -0.81034708 -7.49244868  8.83632547  1.48212032]
 [-4.16618919  0.26167163  2.32976362 -3.04042328 -6.00548566  3.93557595
   0.66901453  5.2639745   1.48212032 10.33345664]]