c: [-14.71899932 -11.83906313  -3.21849042  -6.10648455 -14.99522939
  -4.23593233 -15.34119756   5.44051618  25.29319251 -15.37723842]

distance_between_x_and_bext_x: 299.4610543523948
