init_x: [-10.65376012 -10.811206   -19.00421383   1.16012878 -10.92037765
   7.49619256 -11.14885809   8.58501269   0.58783819  12.29678587]

distance_between_x_and_bext_x: 0.9999999975137417