eigenvalues of Q: [3.05377722e+01 2.37536448e+01 1.68920715e+01 1.12305780e+01
 9.05313682e+00 4.81106075e+00 2.60500580e+00 6.70783538e-01
 1.54840582e-03 5.40165763e-02]

 Q: [[ 1.10655213 -0.82961847  1.38093115  0.6257724  -1.13858095 -0.07592321
   0.94228435  1.39992134 -0.65962322  0.54278751]
 [-0.82961847 11.8915596  -0.48423225  0.74254549  0.75105882  6.00696709
  -1.59025272 -2.05768358 -1.73897847 -0.14841842]
 [ 1.38093115 -0.48423225  7.77337566  1.54803136 -1.88518325  4.97096848
   2.82457283  2.97318374 -3.65757096  1.07401139]
 [ 0.6257724   0.74254549  1.54803136  1.88029199 -2.84420256 -0.90287849
   3.14919746  1.72645006  0.92345957 -0.99788039]
 [-1.13858095  0.75105882 -1.88518325 -2.84420256  7.22036524 -0.77295616
  -6.40018994 -6.29977519 -0.05795434  1.36903057]
 [-0.07592321  6.00696709  4.97096848 -0.90287849 -0.77295616 18.76956757
  -3.99386999  4.57949146 -6.56723737  2.47113787]
 [ 0.94228435 -1.59025272  2.82457283  3.14919746 -6.40018994 -3.99386999
  13.55427264  0.92910162 -4.69814998  1.32110362]
 [ 1.39992134 -2.05768358  2.97318374  1.72645006 -6.29977519  4.57949146
   0.92910162 11.84800659 -1.81860541 -2.74998689]
 [-0.65962322 -1.73897847 -3.65757096  0.92345957 -0.05795434 -6.56723737
  -4.69814998 -1.81860541 18.36976675 -1.58880734]
 [ 0.54278751 -0.14841842  1.07401139 -0.99788039  1.36903057  2.47113787
   1.32110362 -2.74998689 -1.58880734  7.1958603 ]]