init_x: [-0.17436067, -0.9339759, 1.21601031, 0.90394962, -1.24698551, -0.31249486, 0.39487957,
                       -0.27500042, 0.69295419, 0.11196164]
c: [2.3760908, -1.53795741, -2.99911614, -0.66537878, 0.22858153, 1.13941362, 0.18317098,
                  0.968394, 1.25935344, -0.5286966]
Q: [[25.19937346, -6.1037516, -0.69526029, 8.72877478, -1.03448618, -1.8584869, -4.07910935,
                   6.94900931, -1.8284383, 4.46386409],
                  [-6.1037516, 15.87682161, -2.86109708, -2.12682052, -4.46188925, -0.06729959, -4.05039295,
                   -0.74476899, -4.78083606, -2.02444031],
                  [-0.69526029, -2.86109708, 7.13929614, 4.34786368, -6.22514588, -0.94637829, -3.9262454,
                   1.0380567, 0.86579074, -1.95911447],
                  [8.72877478, -2.12682052, 4.34786368, 16.99532029, -2.42525628, -2.32867262, 1.66618003,
                   4.67906742, -4.25536795, 7.75785473],
                  [-1.03448618, -4.46188925, -6.22514588, -2.42525628, 18.86938911, 3.98317901, 6.36148724,
                   -3.24662875, -0.22455273, 8.26581433],
                  [-1.8584869, -0.06729959, -0.94637829, -2.32867262, 3.98317901, 5.67347769, -1.32949594,
                   -3.5991075, -1.15537498, -1.22712105],
                  [-4.07910935, -4.05039295, -3.9262454, 1.66618003, 6.36148724, -1.32949594, 15.25310966,
                   2.4212234, 2.01300394, 5.52890868],
                  [6.94900931, -0.74476899, 1.0380567, 4.67906742, -3.24662875, -3.5991075, 2.4212234,
                   14.7121518, 0.05930172, -2.72592045],
                  [-1.8284383, -4.78083606, 0.86579074, -4.25536795, -0.22455273, -1.15537498, 2.01300394,
                   0.05930172, 9.25322835, -1.9505265],
                  [4.46386409, -2.02444031, -1.95911447, 7.75785473, 8.26581433, -1.22712105, 5.52890868,
                   -2.72592045, -1.9505265, 13.01969635]]
eigenvalues of Q: [38.90774067 33.77881106 19.75262992 18.05688167 14.6527276   7.86154026
  0.04926766  0.8526604   4.96283889  3.11676633]

alpha: 0.01
beta for momentum: 0.1
beta for orthogonal momentum: 0.000001

distance_between_x_and_bext_x: 33.333625622337074